"x"
73
17
83
28
79
83
83
83
83
83
2
83
83
12
46
83
28
83
83
26
83
70
81
83
83
5
35
83
83
81
81
83
83
73
83
34
83
83
83
83
13
83
83
83
53
83
48
83
5
6
5
83
83
21
24
51
82
83
4
77
82
83
4
5
83
5
83
42
83
20
83
72
67
35
14
83
83
54
83
8
77
83
83
11
72
3
27
83
38
83
83
83
83
13
83
52
2
83
43
83
83
41
24
83
37
68
58
83
68
29
67
83
44
5
45
2
9
83
83
83
8
61
15
81
83
83
6
83
83
83
2
83
83
83
82
68
83
80
83
83
3
81
31
80
83
11
81
62
83
20
83
34
30
75
83
2
64
83
83
83
83
83
83
65
29
72
7
28
5
29
77
50
37
83
82
83
4
11
12
83
83
4
83
72
83
83
83
83
83
83
83
83
83
83
83
83
83
83
83
83
83
83
83
83
83
83
83
83
83
83
83
83
83
83
83
83
83
83
83
83
83
83
83
83
83
83
83
83
83
83
83
83
82
82
83
83
83
83
83
83
83
83
83
83
83
83
83
83
83
83
83
83
83
83
83
83
83
83
83
83
83
83
83
83
83
83
83
83
83
83
80
83
83
83
83
83
83
83
69
83
83
83
83
83
11
83
83
83
83
83
83
83
